Experiment 1 !
sequences file : ../data/94/94.phy
partitions file : ../data/94/94.part
number of tree to generate : 10
number of cpus : 200
number of taxa : 94
size of sequences : 270580
number of partitions : 1487

Naive : 
Total sites number = 270580
Total weight       = 95241.9
Max weight         = 740
Weight ratio       = 0.356474 ((max - average) / max)
Max partitions     = 0
Sites per cpu      = 1087 1490 1917 1225 971 1062 1289 1169 1342 1454 1322 1213 1801 866 1615 1507 1416 1656 1654 1332 1339 1167 1620 1478 1859 1534 1661 891 1447 1445 1937 1228 1701 1136 1800 1925 1263 1368 1295 1184 1982 1424 1613 1706 1348 1196 1320 1918 1698 1602 1881 1441 1327 2146 1542 1433 1680 1426 1296 1041 1724 1388 2112 1385 1208 1379 1417 1119 1316 2022 1033 1449 1332 1319 1200 1523 1023 1325 1536 1604 1032 1172 1311 1504 1215 1445 1599 1663 1011 1424 1192 1265 955 1020 947 1121 933 1282 1121 1567 2088 1646 1392 1217 1115 1453 1772 1283 1244 1470 1135 1107 1603 1281 1217 879 1201 1079 1148 1743 1008 1462 1778 974 1484 1373 1301 1217 1045 1161 1716 1369 1074 1457 1361 952 1175 1619 1031 1236 1415 1109 1183 1150 1275 1077 2062 1376 1172 1453 1440 1221 1257 1440 998 1148 1289 1410 1087 1441 1191 1198 1796 1471 1603 1402 1202 1470 1989 1136 1114 1018 1163 1262 1257 903 1317 1752 1464 1099 975 1088 1449 1225 1355 1052 1368 1237 1500 1047 996 1158 1262 1207 1102 1208 1213 1135 1297 1151 
Weight per cpu     = 389.194 500 632.032 429.785 406.817 427.419 496.376 429.484 540.333 497.43 479.742 449.376 582.946 358.624 508.237 536.731 523.968 547.559 660.731 460.204 480.527 441.043 672.817 584.151 603.892 571.957 542.344 343.204 519.57 498.43 588.731 480.172 554.29 438.108 556.667 529.871 458.194 484.828 477.022 446.613 669.172 543.043 540.204 517.968 509.495 412.72 460.871 565.989 497.204 510.882 542.989 545.333 454.677 673.849 521.903 473.43 555.871 478.097 436.516 433.796 591.914 473.29 680.957 491.473 479.581 413.032 527.075 423.441 500.645 740 393.656 525.957 521.011 514.344 466.817 583.914 418.097 510.29 634.194 580.011 389.935 448.054 508.935 474.419 472.011 568.538 570.075 507.409 390.656 516.075 452.903 466.108 386.559 380.054 399.29 423.462 340.505 454.452 427.871 547.376 576.548 544.57 505.591 462 420.398 538.075 590.731 479.806 461.086 511.914 446.075 449.011 541.806 435.957 429.903 359.86 444.667 411.065 443.409 479.462 393.796 518.011 591.344 381.527 523.333 477.677 474.72 436.097 422.849 417.462 571.839 455.957 415.667 507.398 440.269 429.849 423.871 489.043 407.57 434.215 494.172 401.344 446.86 418.247 468 399.409 488.484 525.032 445.559 470 459.065 401.183 424.978 497.753 385.828 424.828 409.989 471.817 385.355 498.946 433.892 403.785 585.882 470.086 561.548 457.849 422.935 519.333 567.871 408.247 389.022 349.462 425.667 426.28 446.129 351.656 479.968 564.634 490.269 405.688 360.462 378.108 460.656 422.312 516.011 390.645 451.215 425.409 492.129 379.645 367.527 364.731 453.914 389.903 385.194 408.839 447.441 438.495 415.452 404.473 
Sites per cpu      = 8 8 8 8 8 8 8 8 8 8 8 8 8 8 8 8 8 8 8 8 8 8 8 8 8 8 8 8 8 8 8 8 8 8 8 8 8 8 8 8 8 8 8 8 8 8 8 8 8 8 8 8 8 8 8 8 8 8 8 8 8 8 8 8 8 8 8 8 8 8 8 8 8 8 8 8 8 8 8 8 8 8 8 8 8 8 8 7 7 7 7 7 7 7 7 7 7 7 7 7 7 7 7 7 7 7 7 7 7 7 7 7 7 7 7 7 7 7 7 7 7 7 7 7 7 7 7 7 7 7 7 7 7 7 7 7 7 7 7 7 7 7 7 7 7 7 7 7 7 7 7 7 7 7 7 7 7 7 7 7 7 7 7 7 7 7 7 7 7 7 7 7 7 7 7 7 7 7 7 7 7 7 7 7 7 7 7 7 7 7 7 7 7 7 7 7 7 7 7 7 

Kassian : 
Total sites number = 270580
Total weight       = 96736.4
Max weight         = 585.871
Weight ratio       = 0.174422 ((max - average) / max)
Max partitions     = 0
Sites per cpu      = 1353 1353 1353 1352 1352 1352 1352 1352 1352 1352 1352 1352 1352 1352 1352 1352 1352 1352 1352 1352 1352 1352 1352 1353 1353 1353 1353 1353 1353 1353 1353 1353 1353 1353 1353 1353 1353 1353 1353 1353 1353 1353 1353 1353 1353 1353 1353 1353 1353 1353 1353 1353 1353 1353 1353 1353 1353 1353 1353 1353 1353 1353 1353 1353 1353 1353 1353 1353 1353 1353 1353 1353 1353 1353 1353 1353 1353 1353 1353 1353 1353 1353 1353 1353 1353 1353 1353 1353 1353 1353 1353 1353 1353 1353 1353 1353 1353 1353 1353 1353 1353 1353 1353 1353 1353 1353 1353 1353 1353 1353 1353 1353 1353 1353 1353 1353 1353 1353 1353 1353 1353 1353 1353 1353 1353 1353 1353 1353 1353 1353 1353 1353 1353 1353 1353 1353 1353 1353 1353 1353 1353 1353 1353 1353 1353 1353 1353 1353 1353 1353 1353 1353 1353 1353 1353 1353 1353 1353 1353 1353 1353 1353 1353 1353 1353 1353 1353 1353 1353 1353 1353 1353 1353 1353 1353 1353 1353 1353 1353 1353 1353 1353 1353 1353 1353 1353 1353 1353 1353 1353 1353 1353 1353 1353 1353 1353 1353 1353 1353 1353 
Weight per cpu     = 462.387 525.903 466.871 507.237 476.667 468.527 434.323 453.72 524.344 395.699 424.333 481.892 471.688 448.71 492.43 481.581 455.161 434.258 465.667 445.645 470.043 461.688 476.785 464.473 484.323 445.57 483 520.172 412.774 436.054 522.462 463.699 523.194 557.591 494.946 454.935 508.194 478.312 462.097 440.323 447.054 493.602 419.376 483.527 485.753 461.172 519.602 543.753 538.269 506.323 492.817 524.989 493.323 465.828 504.161 438.892 511.849 488.43 497.774 490.409 469.796 495.57 460.581 518.226 471.591 466.763 495.387 501.355 480.591 460.495 376.688 430.484 478.011 468.462 470.849 510.602 479.043 480.656 535.86 465.054 491.645 428.602 448.323 516.796 495.333 501.613 497.333 494.032 479.796 472.043 462.946 479.108 523.312 480.71 459.871 473.204 485.785 483.957 538.72 515.796 493.806 462.247 465.29 506.914 585.871 529.731 520.441 462.613 499.344 494.366 508.645 450.559 470.548 529.118 550.72 503.108 464.935 550.398 512.258 506.699 438.559 526.462 510.839 506.194 509.065 466.505 523.806 503.065 412.548 505.473 513.968 503.097 518.043 504.892 478.398 475.43 536.032 508.323 414.602 506.258 470.065 498.516 447.452 439.602 537.817 487.731 484.333 482.054 527.258 508.892 465.634 548.935 466.613 510.043 450.172 498.151 489.108 505.957 487.022 463.441 531.409 445.376 451.978 413.215 437.613 548.108 424.989 497.118 494.806 450.753 495.57 473.645 435.473 502.129 455.828 543.527 425.376 487.075 533.301 534.538 449.763 513.753 445.43 467.344 471.57 503.28 477.505 433.495 436.28 479.763 440.054 581.925 510.462 352.817 522.14 497.516 462.237 452.978 484.828 543.925 
Sites per cpu      = 9 9 9 8 8 9 8 8 9 8 9 8 9 8 9 8 9 8 8 9 8 9 8 9 9 8 9 8 9 8 9 8 9 8 9 8 9 9 8 9 8 9 8 9 8 9 8 9 8 9 8 9 9 8 9 8 9 8 9 8 9 9 8 9 8 9 8 9 8 9 8 9 9 8 9 8 9 8 9 8 9 8 9 8 9 8 9 8 9 8 9 8 9 8 9 8 9 8 9 8 9 8 9 8 9 8 9 8 9 8 9 8 9 8 9 8 9 8 9 8 9 8 9 8 8 9 8 9 8 9 8 8 9 8 9 8 9 8 8 9 8 9 8 8 9 8 8 9 8 8 9 8 8 8 8 8 9 8 8 9 8 8 9 8 8 9 8 8 8 9 8 8 8 9 8 8 8 9 8 8 8 8 9 8 8 8 8 9 8 8 8 8 8 9 8 8 8 8 8 8 

Kassian weighted : 
Total sites number = 270580
Total weight       = 96677.3
Max weight         = 528.086
Weight ratio       = 0.0846445 ((max - average) / max)
Max partitions     = 0
Sites per cpu      = 1174 1225 1269 1429 1490 1665 1620 1629 1278 1462 1319 1258 1165 1603 1214 1345 1342 1735 1421 1474 1289 1211 1320 1374 1286 1476 1240 1360 1131 1332 1473 1419 1282 1483 1184 1388 1446 1663 1430 1426 1762 1612 1335 1476 1297 1494 1382 1254 1198 1288 1370 1643 1426 1200 1379 1464 1145 1343 1526 1308 1450 1136 1233 1174 1267 1447 1169 1645 1419 1400 1646 1347 1446 1217 1258 1269 1439 1523 1166 1281 1242 1411 1303 1298 1840 1461 1459 1192 1223 1428 1169 1450 1414 1642 1406 1189 1307 1332 1486 1309 1285 1414 1643 1264 1489 1271 1271 1282 1356 1491 1183 1253 1220 1373 1474 1184 1292 1505 1097 1500 1218 1199 1532 1321 1362 1359 1414 1406 1178 1310 1304 1811 1449 1187 1216 1173 1200 1255 1379 1268 1208 1334 1202 1149 1411 1380 1208 1294 1433 1431 1682 1320 1501 1332 1250 1215 1651 1206 1248 1337 1215 1422 1261 1236 1601 1236 1230 1242 1206 1312 1221 1423 1108 1333 1336 1310 1435 1295 1217 1354 1416 1181 1617 1233 1361 1028 1334 1374 1391 1213 1177 1435 1424 1082 1286 1337 1572 1682 1271 1268 
Weight per cpu     = 418.957 483.215 475.452 488.968 491.978 512 488.505 494.892 475.452 468.333 473.817 469.645 447.892 512.785 507.656 470.022 505.914 505.925 472.656 505.581 483.075 473.828 501.774 494.667 479.71 503.333 489.086 504.882 485.312 480.441 474.301 487.183 492.624 490.473 463.559 487.935 494.667 496.032 498.28 491.387 473.129 492.376 496.914 477.312 466.054 475.237 459.204 484.527 479.581 499.871 509.462 514.892 504.591 488.935 484.946 488.183 459.581 496.581 509.538 469.624 486.839 474.065 486.409 456.742 473.548 478.688 463.785 468.355 479.409 483.699 471.226 507.613 481.667 471.806 481.645 475.043 472.258 492.344 458.785 457.699 447.946 522.72 476.108 479.022 496.505 493.505 488.925 465.925 487.849 480.968 471.699 499.72 490.344 528.086 510.118 477.344 461.258 490.409 478.892 483.925 485.247 492.108 507.312 475.742 495.366 501.097 480.892 503.129 484.215 487.183 475.591 464.204 494.849 500.215 492.183 468.43 463.548 496.613 461.667 517.29 469.527 450.892 495.258 476.505 458.581 456.591 449.086 473.591 470.935 481 486.473 478.688 496.28 468.968 500.57 471.839 488.484 440.172 516.484 463.699 489.441 484.172 484.731 460.538 490.355 483.613 465.624 472.72 503.441 473.613 521.559 498.72 512.989 504.516 482.484 485.516 483.366 472.645 478.194 494.14 472.032 503.108 493.731 468.269 524.57 469.882 485.484 465.516 479.484 504.656 468.688 459.376 469.258 492.28 469.71 477.441 492.355 473.29 457.72 500.71 487.677 473.677 500.161 485.108 476.011 460.882 473.699 472.194 508.548 472.151 479.624 477.785 499.914 441.849 498.505 490.731 503.839 495.892 478.247 464.731 
Sites per cpu      = 8 8 9 9 8 9 9 8 9 9 8 9 9 8 9 9 8 9 8 9 9 8 9 9 8 9 9 8 9 9 8 9 9 8 9 8 9 9 8 9 9 8 9 8 9 9 8 9 8 9 9 8 9 8 9 9 8 9 8 9 9 8 9 8 9 8 9 8 8 9 8 9 8 9 8 9 8 9 8 9 9 8 9 8 9 8 9 8 9 8 9 8 9 8 9 8 9 8 8 9 8 9 8 9 8 9 8 9 8 8 9 8 9 8 9 8 8 9 8 9 8 9 8 8 9 8 8 9 8 9 8 8 9 8 8 9 8 8 9 8 8 9 8 8 9 8 8 9 8 8 9 8 8 8 9 8 8 8 9 8 8 8 9 8 8 8 9 8 8 8 8 9 8 8 8 8 9 8 8 8 8 8 9 8 8 8 8 8 8 8 9 8 8 8 8 8 8 8 8 8 

Expectations with the sites repeats (if the sites repeats computation time is negligible and without the constant partition cost)): 
Speedup [no SR, parall] -> // [SR (kassian), parall] : 2.30768
Speedup [no SR, parall] -> // [SR (kassian weighted), parall] : 2.56019
Speedup [Kassian, parall] -> [Kassian weighted, parall] : 1.10942
Speedup [no SR, sequential] => [SR (kassian weighted), parall] 512.379


