sequences file : ../data/94/94.phy
partitions file : ../data/94/94.part
number of tree to generate : 100
number of cpus : 100
partitions file : ../data/94/94.part
number of taxa : 94
size of sequences : 270580
number of partitions : 1487

Naive : 
Total sites number = 270580
Total weight       = 104020
Max weight         = 1410.03
Weight ratio       = 0.262287 ((max - average) / max)
Max partitions     = 0
Sites per cpu      = 3175 3136 3309 2442 2086 2515 3061 2452 2586 2924 2457 2320 3404 2147 2832 2386 2617 2735 2802 3075 2347 2629 3398 2452 3343 2907 2962 2108 2492 2606 3653 2597 2775 2593 3161 2877 2438 2987 2326 2420 3397 2533 2796 2856 2623 2273 3382 3294 2870 3055 3321 2662 2584 3586 2540 2581 2969 2836 2383 2482 2915 2586 3908 2856 2811 2781 2619 2589 3305 3158 2147 2467 2495 2581 2457 2426 2340 3077 3000 2703 2007 2260 2760 2729 2570 2497 2967 2900 2511 2471 2188 2423 2217 2227 2049 2329 2146 2417 2418 2718 
Weight per cpu     = 1087.63 1129.37 1222.6 970.72 856.634 1036.2 1185.2 1019.09 1086.39 1127.03 1008.91 968.946 1328.51 848.226 1040.94 960.495 1025.61 1040.48 1159.52 1067.3 929.753 1035.32 1410.03 1020.56 1250.88 1143.95 1106.51 852.161 1041.94 950.602 1318.49 1019.31 1070.19 1006.41 1105.33 1069.1 981.849 1095.47 923.183 974.591 1332.74 971.226 1065.74 1032.48 1043 853.699 1058.71 1197.7 1015.22 1094.23 1085.88 1031.41 966 1313.37 985.914 977.118 1071.67 1036.12 916.527 990.226 1120.74 972.269 1403.37 1034.88 1133.28 974.484 1017.86 1003.56 1195.89 1237.43 856.806 974.742 1024.86 1024.37 966.344 998.634 946.387 1186.72 1225.68 1016.94 813.667 905.57 1130.62 967.28 1050.03 1038.03 1094.04 1088.65 953.14 976.312 880.57 961.656 904.742 809.581 899.022 903.14 841.022 982.935 931.419 1058.9 
Sites per cpu      = 15 15 15 15 15 15 15 15 15 15 15 15 15 15 15 15 15 15 15 15 15 15 15 15 15 15 15 15 15 15 15 15 15 15 15 15 15 15 15 15 15 15 15 15 15 15 15 15 15 15 15 15 15 15 15 15 15 15 15 15 15 15 15 15 15 15 15 15 15 15 15 15 15 15 15 15 15 15 15 15 15 15 15 15 15 15 15 14 14 14 14 14 14 14 14 14 14 14 14 14 

Kassian : 
Total sites number = 270580
Total weight       = 104864
Max weight         = 1165.48
Weight ratio       = 0.10025 ((max - average) / max)
Max partitions     = 0
Sites per cpu      = 2706 2706 2706 2706 2706 2706 2706 2706 2706 2706 2706 2706 2706 2706 2706 2706 2706 2706 2706 2706 2706 2706 2706 2706 2706 2706 2706 2706 2706 2706 2706 2706 2706 2706 2706 2706 2706 2706 2706 2706 2706 2706 2706 2705 2705 2705 2705 2705 2705 2705 2705 2705 2705 2705 2705 2705 2705 2705 2705 2705 2705 2705 2705 2706 2706 2706 2706 2706 2706 2706 2706 2706 2706 2706 2706 2706 2706 2706 2706 2706 2706 2706 2706 2706 2706 2706 2706 2706 2706 2706 2706 2706 2706 2706 2706 2706 2706 2706 2706 2706 
Weight per cpu     = 1045.63 1090.91 985.763 1125.88 1115.24 1101.47 1109.7 1051.54 1084.76 952.688 991.581 1024.54 1085.2 1152.11 1165.48 1107.75 1011.22 1080.53 1131.97 1116.65 1014.45 1075.63 1023.25 1064.01 1112.15 1041.59 1072.22 1005.89 988.559 1001.66 1125.95 1073.12 1098.14 1120.76 1065.67 1041.33 1089.51 1078.86 1039.49 1011.18 1018.12 1081.11 957.441 1008.55 1104.14 1025 1039.44 1062.02 1101.66 1062.97 1075.56 1071.05 1017.26 1078.34 1028.62 944.204 1017.61 1013.62 1052.65 1083.8 1066.98 1039.76 985.312 1060.46 1012.32 1094.29 1028.25 1084.73 1012.28 1015.15 1010.25 972.075 976.097 1009.92 993.366 1124.29 973.839 1029.26 1092.19 1061.34 1054.84 1021.02 1011.77 1065.84 1073.99 1091.11 1016.66 922.624 918.366 1051.68 988.086 1114.96 1079.17 981.355 1040.62 1050.25 1021.8 987.43 1078.51 1134.95 
Sites per cpu      = 16 16 16 16 16 16 16 16 16 16 16 16 16 16 16 16 16 16 16 16 16 16 16 16 16 16 16 16 16 16 16 16 16 16 16 16 16 16 16 16 16 16 16 15 15 16 15 16 15 16 15 16 16 15 16 15 16 15 16 16 15 16 15 16 16 15 16 16 15 16 16 15 16 15 16 16 15 16 16 16 16 16 16 16 16 16 16 16 16 16 16 16 16 16 16 16 16 16 16 16 

Kassian weighted : 
Total sites number = 270580
Total weight       = 104799
Max weight         = 1166.77
Weight ratio       = 0.101804 ((max - average) / max)
Max partitions     = 0
Sites per cpu      = 2425 2968 2380 3349 2670 3000 2568 2583 2533 2800 2573 2511 2730 2767 2683 2523 2803 2918 2559 2539 2556 2695 2788 2707 2732 2502 2866 3155 2542 2630 2866 2854 2562 2641 2812 2512 2662 2579 2572 3106 2862 2908 2875 2658 2445 2698 2813 2380 3045 2896 2898 2824 2476 2487 2498 2549 2778 2367 2714 2509 2926 2866 2497 2495 2836 3004 2783 2843 2574 2802 2887 2661 2304 2935 2977 2928 2660 2678 2460 2355 2721 2695 2390 3162 2622 2259 2779 2298 2739 2415 2428 2739 3052 2393 3198 2899 3106 2273 3529 2511 
Weight per cpu     = 989.925 1066.23 984.925 1082.37 1039.2 1079.09 1038.42 1012.87 1024.42 1078.82 1057.8 992.774 1057.74 1051.29 1049.13 1015.57 1065.3 1096.4 1026.66 1042.26 1025.86 1056.11 1066.78 1042.32 1056.16 1028.51 1061.29 1132.57 1010.35 1016.41 1078.81 1072.28 1009.87 1055.17 1064.7 1015.89 1028.41 1007.33 1028.84 1101.27 1090.82 1080.34 1060.49 1046.26 1023.61 1047.82 1072.22 1006.92 1074.17 1094.45 1086.48 1029.29 1017.75 1022.95 1023.74 1016.98 1062.11 1018.92 1057.1 1022.67 1090.18 1081.18 1020 977.108 1098.54 1111.7 1065.72 1077.05 1029.86 1071 1055.35 1024.97 1013.54 1072.15 1054.82 1080.45 1026.15 1040.95 997.495 995.355 1057.88 1031.18 1008.84 1129.23 1042.44 987.355 1045.7 981.387 1061.82 1016 1018.31 1075.6 1065.96 977.108 1142.71 1090.66 1123.52 1015.29 1166.77 1012.67 
Sites per cpu      = 16 16 16 16 16 16 16 16 16 16 16 16 16 16 16 16 16 16 16 16 16 16 16 16 16 16 16 16 16 16 16 16 16 16 16 16 15 15 16 15 16 16 16 15 16 16 16 16 15 16 16 16 15 16 16 16 15 16 16 15 16 16 16 15 16 16 15 16 16 15 16 16 15 16 16 15 16 16 15 16 16 15 16 16 16 16 16 16 16 16 16 16 16 16 16 16 16 16 16 16 

Expectations with the sites repeats (if the sites repeats computation time is negligible and without the constant partition cost)): 
Speedup [no SR, parall] -> // [SR (kassian), parall] : 2.32092
Speedup [no SR, parall] -> // [SR (kassian weighted), parall] : 2.31836
Speedup [Kassian, parall] -> [Kassian weighted, parall] : 0.998894
Speedup [no SR, sequential] => [SR (kassian weighted), parall] 231.904

\begin{minipage}{0.49\textwidth}
\begin{tikzpicture}[scale=0.75]
  \begin{axis}[ybar interval, ymax=2976,ymin=0, minor y tick num = 3]
    \addplot coordinates { (0,2706) (1,2706) (2,2706) (3,2706) (4,2706) (5,2706) (6,2706) (7,2706) (8,2706) (9,2706) (10,2706) (11,2706) (12,2706) (13,2706) (14,2706) (15,2706) (16,2706) (17,2706) (18,2706) (19,2706) (20,2706) (21,2706) (22,2706) (23,2706) (24,2706) (25,2706) (26,2706) (27,2706) (28,2706) (29,2706) (30,2706) (31,2706) (32,2706) (33,2706) (34,2706) (35,2706) (36,2706) (37,2706) (38,2706) (39,2706) (40,2706) (41,2706) (42,2706) (43,2705) (44,2705) (45,2705) (46,2705) (47,2705) (48,2705) (49,2705) (50,2705) (51,2705) (52,2705) (53,2705) (54,2705) (55,2705) (56,2705) (57,2705) (58,2705) (59,2705) (60,2705) (61,2705) (62,2705) (63,2706) (64,2706) (65,2706) (66,2706) (67,2706) (68,2706) (69,2706) (70,2706) (71,2706) (72,2706) (73,2706) (74,2706) (75,2706) (76,2706) (77,2706) (78,2706) (79,2706) (80,2706) (81,2706) (82,2706) (83,2706) (84,2706) (85,2706) (86,2706) (87,2706) (88,2706) (89,2706) (90,2706) (91,2706) (92,2706) (93,2706) (94,2706) (95,2706) (96,2706) (97,2706) (98,2706) (99,2706) (100, 1353) };
  \end{axis}
\end{tikzpicture}
\caption*{Sites repartition with Kassian}
\end{minipage}
\begin{minipage}{0.49\textwidth}
\begin{tikzpicture}[scale=0.75]
  \begin{axis}[ybar interval, ymax=1283.45,ymin=0, minor y tick num = 3]
    \addplot coordinates { (0,1045.63) (1,1090.91) (2,985.763) (3,1125.88) (4,1115.24) (5,1101.47) (6,1109.7) (7,1051.54) (8,1084.76) (9,952.688) (10,991.581) (11,1024.54) (12,1085.2) (13,1152.11) (14,1165.48) (15,1107.75) (16,1011.22) (17,1080.53) (18,1131.97) (19,1116.65) (20,1014.45) (21,1075.63) (22,1023.25) (23,1064.01) (24,1112.15) (25,1041.59) (26,1072.22) (27,1005.89) (28,988.559) (29,1001.66) (30,1125.95) (31,1073.12) (32,1098.14) (33,1120.76) (34,1065.67) (35,1041.33) (36,1089.51) (37,1078.86) (38,1039.49) (39,1011.18) (40,1018.12) (41,1081.11) (42,957.441) (43,1008.55) (44,1104.14) (45,1025) (46,1039.44) (47,1062.02) (48,1101.66) (49,1062.97) (50,1075.56) (51,1071.05) (52,1017.26) (53,1078.34) (54,1028.62) (55,944.204) (56,1017.61) (57,1013.62) (58,1052.65) (59,1083.8) (60,1066.98) (61,1039.76) (62,985.312) (63,1060.46) (64,1012.32) (65,1094.29) (66,1028.25) (67,1084.73) (68,1012.28) (69,1015.15) (70,1010.25) (71,972.075) (72,976.097) (73,1009.92) (74,993.366) (75,1124.29) (76,973.839) (77,1029.26) (78,1092.19) (79,1061.34) (80,1054.84) (81,1021.02) (82,1011.77) (83,1065.84) (84,1073.99) (85,1091.11) (86,1016.66) (87,922.624) (88,918.366) (89,1051.68) (90,988.086) (91,1114.96) (92,1079.17) (93,981.355) (94,1040.62) (95,1050.25) (96,1021.8) (97,987.43) (98,1078.51) (99,1134.95) (100, 583.387) };
  \end{axis}
\end{tikzpicture}
\caption*{PLF-cost repartition with Kassian}
\end{minipage}
\begin{minipage}{0.49\textwidth}
\begin{tikzpicture}[scale=0.75]
  \begin{axis}[ybar interval, ymax=3881,ymin=0, minor y tick num = 3]
    \addplot coordinates { (0,2425) (1,2968) (2,2380) (3,3349) (4,2670) (5,3000) (6,2568) (7,2583) (8,2533) (9,2800) (10,2573) (11,2511) (12,2730) (13,2767) (14,2683) (15,2523) (16,2803) (17,2918) (18,2559) (19,2539) (20,2556) (21,2695) (22,2788) (23,2707) (24,2732) (25,2502) (26,2866) (27,3155) (28,2542) (29,2630) (30,2866) (31,2854) (32,2562) (33,2641) (34,2812) (35,2512) (36,2662) (37,2579) (38,2572) (39,3106) (40,2862) (41,2908) (42,2875) (43,2658) (44,2445) (45,2698) (46,2813) (47,2380) (48,3045) (49,2896) (50,2898) (51,2824) (52,2476) (53,2487) (54,2498) (55,2549) (56,2778) (57,2367) (58,2714) (59,2509) (60,2926) (61,2866) (62,2497) (63,2495) (64,2836) (65,3004) (66,2783) (67,2843) (68,2574) (69,2802) (70,2887) (71,2661) (72,2304) (73,2935) (74,2977) (75,2928) (76,2660) (77,2678) (78,2460) (79,2355) (80,2721) (81,2695) (82,2390) (83,3162) (84,2622) (85,2259) (86,2779) (87,2298) (88,2739) (89,2415) (90,2428) (91,2739) (92,3052) (93,2393) (94,3198) (95,2899) (96,3106) (97,2273) (98,3529) (99,2511) (100, 1764) };
  \end{axis}
\end{tikzpicture}
\caption*{Sites repartition with Weighted}
\end{minipage}
\begin{minipage}{0.49\textwidth}
\begin{tikzpicture}[scale=0.75]
  \begin{axis}[ybar interval, ymax=1283.45,ymin=0, minor y tick num = 3]
    \addplot coordinates { (0,989.925) (1,1066.23) (2,984.925) (3,1082.37) (4,1039.2) (5,1079.09) (6,1038.42) (7,1012.87) (8,1024.42) (9,1078.82) (10,1057.8) (11,992.774) (12,1057.74) (13,1051.29) (14,1049.13) (15,1015.57) (16,1065.3) (17,1096.4) (18,1026.66) (19,1042.26) (20,1025.86) (21,1056.11) (22,1066.78) (23,1042.32) (24,1056.16) (25,1028.51) (26,1061.29) (27,1132.57) (28,1010.35) (29,1016.41) (30,1078.81) (31,1072.28) (32,1009.87) (33,1055.17) (34,1064.7) (35,1015.89) (36,1028.41) (37,1007.33) (38,1028.84) (39,1101.27) (40,1090.82) (41,1080.34) (42,1060.49) (43,1046.26) (44,1023.61) (45,1047.82) (46,1072.22) (47,1006.92) (48,1074.17) (49,1094.45) (50,1086.48) (51,1029.29) (52,1017.75) (53,1022.95) (54,1023.74) (55,1016.98) (56,1062.11) (57,1018.92) (58,1057.1) (59,1022.67) (60,1090.18) (61,1081.18) (62,1020) (63,977.108) (64,1098.54) (65,1111.7) (66,1065.72) (67,1077.05) (68,1029.86) (69,1071) (70,1055.35) (71,1024.97) (72,1013.54) (73,1072.15) (74,1054.82) (75,1080.45) (76,1026.15) (77,1040.95) (78,997.495) (79,995.355) (80,1057.88) (81,1031.18) (82,1008.84) (83,1129.23) (84,1042.44) (85,987.355) (86,1045.7) (87,981.387) (88,1061.82) (89,1016) (90,1018.31) (91,1075.6) (92,1065.96) (93,977.108) (94,1142.71) (95,1090.66) (96,1123.52) (97,1015.29) (98,1166.77) (99,1012.67) (100, 583.387) };
  \end{axis}
\end{tikzpicture}
\caption*{PLM-cost repartition with Weighted}
\end{minipage}
