Experiment 1 !
sequences file : ../data/94/94.phy
partitions file : ../data/94/94.part
number of tree to generate : 10
number of cpus : 200
number of taxa : 94
size of sequences : 270580
number of partitions : 1487

Naive : 
Total sites number = 270580
Total weight       = 86275.9
Max weight         = 665.183
Weight ratio       = 0.351488 ((max - average) / max)
Max partitions     = 0
Sites per cpu      = 1087 1490 1917 1225 971 1062 1289 1169 1342 1454 1322 1213 1801 866 1615 1507 1416 1656 1654 1332 1339 1167 1620 1478 1859 1534 1661 891 1447 1445 1937 1228 1701 1136 1800 1925 1263 1368 1295 1184 1982 1424 1613 1706 1348 1196 1320 1918 1698 1602 1881 1441 1327 2146 1542 1433 1680 1426 1296 1041 1724 1388 2112 1385 1208 1379 1417 1119 1316 2022 1033 1449 1332 1319 1200 1523 1023 1325 1536 1604 1032 1172 1311 1504 1215 1445 1599 1663 1011 1424 1192 1265 955 1020 947 1121 933 1282 1121 1567 2088 1646 1392 1217 1115 1453 1772 1283 1244 1470 1135 1107 1603 1281 1217 879 1201 1079 1148 1743 1008 1462 1778 974 1484 1373 1301 1217 1045 1161 1716 1369 1074 1457 1361 952 1175 1619 1031 1236 1415 1109 1183 1150 1275 1077 2062 1376 1172 1453 1440 1221 1257 1440 998 1148 1289 1410 1087 1441 1191 1198 1796 1471 1603 1402 1202 1470 1989 1136 1114 1018 1163 1262 1257 903 1317 1752 1464 1099 975 1088 1449 1225 1355 1052 1368 1237 1500 1047 996 1158 1262 1207 1102 1208 1213 1135 1297 1151 
Weight per cpu     = 369.516 451.226 533.527 398.118 348.247 403.247 448.226 390.323 501.204 473.624 445 392.333 521.989 314.785 466.774 498.957 462.796 493.71 597.935 462.419 429.806 388.989 659.194 509.978 557.645 548.452 473.344 317.495 483.323 432.301 535.914 444.742 502.785 394.043 531.237 469.462 434.151 463.075 403.409 422.118 619.172 460.645 518.065 466.903 448.882 351.72 429.366 489.484 456.914 477.86 497.28 480.699 405.828 623.29 468.667 438.398 485.151 432.452 399.194 383.731 510.774 456.731 623.462 423.753 426.688 367.806 481.161 371.462 443.441 665.183 358.462 477.946 459.323 482.226 423.194 543.935 376.925 479.978 581.581 506.978 381.925 394.247 476.763 435.688 427.753 508.828 507.161 486.677 339.978 460.656 392.172 429.376 333.505 349.495 382.258 361.957 309.71 395.172 384.194 510.183 524.441 486.29 466.699 393.849 365.172 462.903 513.538 427.398 422.989 463.032 378.86 390.237 512.118 377.624 392.301 317.484 413.194 369.333 413.161 454.473 338.871 481.677 536.43 339.742 474.538 441.312 425.183 394.043 376.742 368.301 523.903 406.28 365.989 464.581 416.194 386.452 402.484 448.269 346.839 406.935 469.065 356.839 400.355 373.505 407.505 366.753 414.989 477.452 402.215 426.366 416.097 377.828 389.828 460.957 342.677 411.022 380.828 432.839 342.742 426.871 403.968 362.892 528.978 402.796 515.527 421.312 352.022 460.269 553.753 369.516 389.032 323.624 407.387 384.237 392.14 324.796 427.172 512.978 460.108 354.398 322.269 349.591 421 362.688 444.43 363.452 424.194 397.817 462.29 355.344 351.129 353.559 385.527 308.473 342.538 364.624 385.892 396.237 374.602 358.892 
Sites per cpu      = 8 8 8 8 8 8 8 8 8 8 8 8 8 8 8 8 8 8 8 8 8 8 8 8 8 8 8 8 8 8 8 8 8 8 8 8 8 8 8 8 8 8 8 8 8 8 8 8 8 8 8 8 8 8 8 8 8 8 8 8 8 8 8 8 8 8 8 8 8 8 8 8 8 8 8 8 8 8 8 8 8 8 8 8 8 8 8 7 7 7 7 7 7 7 7 7 7 7 7 7 7 7 7 7 7 7 7 7 7 7 7 7 7 7 7 7 7 7 7 7 7 7 7 7 7 7 7 7 7 7 7 7 7 7 7 7 7 7 7 7 7 7 7 7 7 7 7 7 7 7 7 7 7 7 7 7 7 7 7 7 7 7 7 7 7 7 7 7 7 7 7 7 7 7 7 7 7 7 7 7 7 7 7 7 7 7 7 7 7 7 7 7 7 7 7 7 7 7 7 7 

Kassian : 
Total sites number = 270580
Total weight       = 87898.2
Max weight         = 544.645
Weight ratio       = 0.193069 ((max - average) / max)
Max partitions     = 0
Sites per cpu      = 1353 1353 1353 1352 1352 1352 1352 1352 1352 1352 1352 1352 1352 1352 1352 1352 1352 1352 1352 1352 1352 1352 1352 1353 1353 1353 1353 1353 1353 1353 1353 1353 1353 1353 1353 1353 1353 1353 1353 1353 1353 1353 1353 1353 1353 1353 1353 1353 1353 1353 1353 1353 1353 1353 1353 1353 1353 1353 1353 1353 1353 1353 1353 1353 1353 1353 1353 1353 1353 1353 1353 1353 1353 1353 1353 1353 1353 1353 1353 1353 1353 1353 1353 1353 1353 1353 1353 1353 1353 1353 1353 1353 1353 1353 1353 1353 1353 1353 1353 1353 1353 1353 1353 1353 1353 1353 1353 1353 1353 1353 1353 1353 1353 1353 1353 1353 1353 1353 1353 1353 1353 1353 1353 1353 1353 1353 1353 1353 1353 1353 1353 1353 1353 1353 1353 1353 1353 1353 1353 1353 1353 1353 1353 1353 1353 1353 1353 1353 1353 1353 1353 1353 1353 1353 1353 1353 1353 1353 1353 1353 1353 1353 1353 1353 1353 1353 1353 1353 1353 1353 1353 1353 1353 1353 1353 1353 1353 1353 1353 1353 1353 1353 1353 1353 1353 1353 1353 1353 1353 1353 1353 1353 1353 1353 1353 1353 1353 1353 1353 1353 
Weight per cpu     = 438.581 486.763 404.699 463.667 429.849 429.742 428.763 411.409 478.387 336.72 352.753 436.462 432.774 414.086 462.849 446.269 416.043 385.527 435.151 412.237 437.323 397.344 428.452 425.462 428.344 409.57 414.14 474.151 386.914 408.097 486.882 429.237 476.699 513.57 422.527 441.925 438.753 428.785 426.312 386.634 411 445.097 379.602 439.656 422.301 401.538 474.667 485.183 464.538 470.022 466.022 478.108 449.495 409.71 482.968 379.226 463.677 467.86 444.957 471.194 387.849 457.763 415.516 458.785 449.452 429.516 468.613 444.935 415.108 407.613 331.591 365.806 457.032 408.032 423.14 481.731 434.269 438.86 489.505 410.387 456.054 388.376 400.957 477.634 453.634 430.935 461.796 458.516 426.817 465.602 430.925 431.312 485.634 429.484 428.527 426.011 436.688 443.194 477.398 477.247 428.882 423.559 405.097 477.989 544.645 498.194 498.785 432.022 456.903 416.57 452.333 397.903 442.215 465.882 513.785 459.118 417.978 514.763 477.871 452.355 388.118 509.634 456.441 439.333 472.656 445.742 461.613 455.183 372.57 457.892 471.785 461.473 475.151 442.817 433.699 434.667 480.312 449.71 382.581 444.301 406.677 456.72 369.14 373.656 516.548 426.237 436.398 445.409 473.817 450.667 429.591 516.333 425.527 470.796 410.796 444.312 457.022 465.581 449.495 423.452 475.742 406.624 405.72 373.817 417.946 485.204 384.011 466.376 461.344 422.72 433.355 444.774 389.495 457.527 423.452 490.925 376.849 458.925 481.387 480.151 447.43 466.419 443.226 419.785 447.753 462.172 417.731 373.462 380.753 425.645 377.419 509.731 469.462 318.742 468.355 470.441 431.559 372.871 447.806 517.462 
Sites per cpu      = 9 9 9 8 8 9 8 8 9 8 9 8 9 8 9 8 9 8 8 9 8 9 8 9 9 8 9 8 9 8 9 8 9 8 9 8 9 9 8 9 8 9 8 9 8 9 8 9 8 9 8 9 9 8 9 8 9 8 9 8 9 9 8 9 8 9 8 9 8 9 8 9 9 8 9 8 9 8 9 8 9 8 9 8 9 8 9 8 9 8 9 8 9 8 9 8 9 8 9 8 9 8 9 8 9 8 9 8 9 8 9 8 9 8 9 8 9 8 9 8 9 8 9 8 8 9 8 9 8 9 8 8 9 8 9 8 9 8 8 9 8 9 8 8 9 8 8 9 8 8 9 8 8 8 8 8 9 8 8 9 8 8 9 8 8 9 8 8 8 9 8 8 8 9 8 8 8 9 8 8 8 8 9 8 8 8 8 9 8 8 8 8 8 9 8 8 8 8 8 8 

Kassian weighted : 
Total sites number = 270580
Total weight       = 87831.3
Max weight         = 497.559
Weight ratio       = 0.117378 ((max - average) / max)
Max partitions     = 0
Sites per cpu      = 1289 1538 1104 1397 1375 1688 1344 1470 1367 1862 1625 1543 1261 1327 1790 1407 1449 1306 1478 1393 1477 1159 1198 1369 1308 1051 1385 1452 1186 1207 1622 1496 1362 1336 1406 1422 1546 1433 1351 1317 1313 1100 1406 1460 1503 1488 1165 1319 1291 1393 1180 1250 1259 1301 1401 1638 1400 1350 1222 1334 1276 1337 1337 1627 1192 1640 1400 1204 1438 1193 1415 1353 1478 1667 1551 1723 1232 1329 1320 1146 1100 1304 1185 1626 1313 1095 1406 1191 1284 1232 1144 1396 1040 1274 1095 1475 1243 1488 1328 1304 1948 1432 1301 1158 1267 1279 1333 1428 1486 1634 1457 1134 1440 1237 1566 1488 1489 1324 1389 1161 1399 1429 1371 1180 1389 1514 1357 1233 1528 1468 1216 1224 1432 1374 1296 1283 1345 1248 1175 1256 1493 1229 1257 1183 1067 1177 1506 1611 1290 1344 1324 1175 1170 1324 1332 1241 1317 1226 1321 1203 1310 1418 1350 1238 1063 1240 1410 1368 1138 1261 1277 1508 1508 1488 1272 1317 1385 1446 1204 1295 1228 1300 1826 1385 1284 1170 1338 1188 1200 1252 1511 1285 1716 1420 1352 1198 1282 1701 1315 1425 
Weight per cpu     = 396.527 437.075 442.72 462.312 435.602 470.484 436.29 441.516 447.914 454.935 431.333 451.968 439.71 444.495 453.237 452.581 437.634 425.323 444.398 431.871 458.344 438.925 436.065 428.527 436.871 427.656 439.882 441.849 440.989 447.742 432.968 433.559 444.925 440.183 445.183 434.452 455.656 469.419 452.043 447.043 435.957 402.118 447.355 425.677 432.366 436.086 434.484 430.376 441.581 444.882 430.935 407.419 444.29 453.419 461.323 468.882 428.806 440.731 438.796 439.237 455.839 436.452 427.882 438.495 431.882 466.172 432.247 441.57 452.71 438.849 453.957 425.452 455.301 463.14 441.161 445.946 445.129 437.344 447.527 433.591 435.118 457.796 434.398 448.333 439.129 409.387 443.581 432.806 420.29 430.28 439.355 422.957 430.183 440.925 410.247 460.398 436.387 448.71 427.022 441.903 446.753 453.215 433.237 440.14 430.882 432.505 434.29 447.312 440.118 450.613 438.075 421.355 452.097 433.258 459.409 452.828 446 439.86 448.151 419.903 452.538 450.28 445.075 413.065 440.613 443.914 441.753 435.968 477.398 453.452 427.108 427.129 431.333 428.796 431.323 438.333 417.065 418.097 436.462 421.71 435.839 417.14 417.656 439.753 448.398 448.914 450.559 442.14 436 423.57 425.914 426.29 433.011 444.914 440.753 440.097 432.667 430.903 420.301 430.925 455.333 447.462 460.645 416.742 439.452 425.882 429.978 443.172 425.688 436.978 432.097 425.559 440.71 442.57 441.484 451.667 448.882 447.774 425.946 433.559 432.301 445.419 497.559 424.581 424.581 436.129 426.785 447.978 429.355 446.527 448.559 415.14 441.43 452.097 435.022 432.699 441.774 451.989 433.312 444.559 
Sites per cpu      = 8 9 8 9 8 9 9 8 9 9 8 9 9 8 9 9 8 9 9 8 9 9 8 9 9 8 9 9 8 9 8 9 9 8 9 9 8 9 9 8 9 8 9 9 8 9 9 8 9 8 9 9 8 9 8 9 9 8 9 8 9 9 8 9 8 9 8 9 9 8 9 8 9 8 9 9 8 9 8 9 8 9 8 9 8 9 8 9 8 8 9 8 9 8 9 8 9 8 9 8 8 9 8 9 8 9 8 9 8 9 8 8 9 8 9 8 9 8 8 9 8 9 8 8 9 8 9 8 8 9 8 8 9 8 8 9 8 8 9 8 8 9 8 8 9 8 8 8 9 8 8 9 8 8 8 9 8 8 8 8 9 8 8 8 9 8 8 8 8 9 8 8 8 8 8 9 8 8 8 8 8 9 8 8 8 8 8 8 8 9 8 8 8 8 8 8 8 8 8 8 

Expectations with the sites repeats (if the sites repeats computation time is negligible and without the constant partition cost)): 
Speedup [no SR, parall] -> // [SR (kassian), parall] : 2.48235
Speedup [no SR, parall] -> // [SR (kassian weighted), parall] : 2.71726
Speedup [Kassian, parall] -> [Kassian weighted, parall] : 1.09463
Speedup [no SR, sequential] => [SR (kassian weighted), parall] 543.815


